[gd_scene load_steps=10 format=3 uid="uid://b0coq1xofm0vm"]

[ext_resource type="Script" path="res://creatures/player/player.gd" id="1_mg6bv"]
[ext_resource type="PackedScene" uid="uid://cbwlx4qafqhi1" path="res://items/wpn_dt_mdr_c/wpn_dt_mdr_c.tscn" id="2_egc7e"]
[ext_resource type="Texture2D" uid="uid://w170p280wr6h" path="res://creatures/player/сrosshair.png" id="2_gmwct"]

[sub_resource type="CapsuleShape3D" id="CapsuleShape3D_587oe"]

[sub_resource type="CapsuleMesh" id="CapsuleMesh_uvyrp"]

[sub_resource type="StandardMaterial3D" id="StandardMaterial3D_y3fbg"]
albedo_color = Color(1, 1, 0, 1)

[sub_resource type="BoxMesh" id="BoxMesh_nenv7"]
size = Vector3(1, 0.15, 0.15)

[sub_resource type="StandardMaterial3D" id="StandardMaterial3D_dynk7"]
albedo_color = Color(0.87451, 0.682353, 0.509804, 1)

[sub_resource type="StandardMaterial3D" id="StandardMaterial3D_s7tct"]
albedo_color = Color(0.87451, 0.682353, 0.509804, 1)

[node name="Player" type="CharacterBody3D"]
transform = Transform3D(-4.37114e-08, 0, 1, 0, 1, 0, -1, 0, -4.37114e-08, 0, 0, 0)
script = ExtResource("1_mg6bv")

[node name="CollisionShape3D" type="CollisionShape3D" parent="."]
shape = SubResource("CapsuleShape3D_587oe")

[node name="Body" type="Node3D" parent="."]

[node name="MeshInstance3D" type="MeshInstance3D" parent="Body"]
mesh = SubResource("CapsuleMesh_uvyrp")
skeleton = NodePath("../..")
surface_material_override/0 = SubResource("StandardMaterial3D_y3fbg")

[node name="Head" type="Node3D" parent="."]

[node name="Camera" type="Camera3D" parent="Head"]
transform = Transform3D(1, 0, 0, 0, 1, 0, 0, 0, 1, 0.0035452, 0.391023, 0.111735)
cull_mask = 1048573
fov = 90.0

[node name="Aimcast" type="RayCast3D" parent="Head/Camera"]
transform = Transform3D(0.996362, 0, 0, 0, -0.000116014, -0.996362, 0, 2654.09, -4.35524e-08, 0, 0.0213323, -0.540418)
collide_with_areas = true
debug_shape_custom_color = Color(0.827451, 0.0588235, 0, 1)

[node name="TextureRect" type="TextureRect" parent="Head/Camera"]
anchors_preset = 8
anchor_left = 0.5
anchor_top = 0.5
anchor_right = 0.5
anchor_bottom = 0.5
offset_left = -20.0
offset_top = -20.0
offset_right = 20.0
offset_bottom = 20.0
grow_horizontal = 2
grow_vertical = 2
texture = ExtResource("2_gmwct")

[node name="ViewportContainer" type="SubViewportContainer" parent="Head/Camera"]
anchors_preset = 15
anchor_right = 1.0
anchor_bottom = 1.0
grow_horizontal = 2
grow_vertical = 2
size_flags_horizontal = 3
size_flags_vertical = 3

[node name="GunViewport" type="SubViewport" parent="Head/Camera/ViewportContainer"]
transparent_bg = true
handle_input_locally = false
render_target_update_mode = 4

[node name="GunCamera" type="Camera3D" parent="Head/Camera/ViewportContainer/GunViewport"]
transform = Transform3D(-4.37114e-08, 0, 1, 0, 1, 0, -1, 0, -4.37114e-08, 0.0035452, 0.391023, 0.111735)
cull_mask = 2
fov = 90.0

[node name="Hands" type="Node3D" parent="Head"]
transform = Transform3D(0.992901, 0, -0.118941, -0.00174163, 0.999893, -0.0145388, 0.118928, 0.0146428, 0.992795, -0.0203347, 0, 0.0859871)

[node name="DT MDR-C" parent="Head/Hands" instance=ExtResource("2_egc7e")]
transform = Transform3D(-0.233779, -0.0186232, 0.972112, 0.0239334, 0.999404, 0.0249017, -0.971995, 0.0290876, -0.233195, 0.358114, -0.12562, -0.859121)
visible = false

[node name="WeaponPoint" type="MeshInstance3D" parent="Head/Hands"]
transform = Transform3D(1, 1.69853e-10, 0, 3.29461e-11, 1, 4.64144e-10, 7.45058e-09, -7.61289e-11, 1, 0, 0, 0)
layers = 2

[node name="Hand_right" type="MeshInstance3D" parent="Head/Hands"]
transform = Transform3D(0.811275, -0.342777, -0.473642, 0.311625, 0.938958, -0.145764, 0.494695, -0.0293444, 0.868571, 0.648401, -0.120559, -0.685412)
layers = 2
mesh = SubResource("BoxMesh_nenv7")
skeleton = NodePath("../../../..")
surface_material_override/0 = SubResource("StandardMaterial3D_dynk7")

[node name="Hand_left" type="MeshInstance3D" parent="Head/Hands"]
transform = Transform3D(-0.612286, -0.0825379, -0.786316, 0.0115593, 0.993496, -0.113286, 0.790552, -0.0784531, -0.607349, 0.0244737, -0.254292, -0.796377)
layers = 2
mesh = SubResource("BoxMesh_nenv7")
skeleton = NodePath("../../../../..")
surface_material_override/0 = SubResource("StandardMaterial3D_s7tct")

[node name="DT MDR-C2" parent="Head/Hands" instance=ExtResource("2_egc7e")]
transform = Transform3D(-0.149047, 0.000650674, 0.988833, 5.21913e-06, 1, -0.000657237, -0.988831, -9.27998e-05, -0.149047, -0.0488148, -0.066697, -0.582978)
visible = false
